-2.269374857853481177e-04
-1.640105953275079048e-02
4.973923380751914258e-03
2.579769152901674380e-03
-1.617354786732875204e-06
1.527680852781197014e-04
-1.518791734021196060e-03
1.369562248909846677e-03
-4.083091545753971680e-02
2.450552949959260499e-03
-2.874836067400695239e-03
6.395263077404082048e-04
2.908923118339387312e-02
-6.969480882295185815e-03
1.912025818652537956e-02
-7.863842659634896412e-03
1.088506119646551473e-01
-8.704356054181297542e-02
-3.204076687393898459e-03
1.181967012471046732e-04
-1.330667052422942077e-03
2.307974251461673929e-03
-1.720361522840340796e-03
-4.710392242571909973e-05
-3.820537753014754262e-02
-7.601914037410981845e-04
-4.795970541004538484e-02
-1.015264810635650543e-02
-4.752502900588953701e-03
3.526605667989688581e-02
-2.936318756784025143e-06
7.180927646547788758e-04
-4.002129155381407496e-03
-7.737391037728723071e-04
-3.385810738316168134e-02
-2.685091928199977943e-03
6.441634245720602404e-04
-7.666342144039552456e-03
1.303610537684729608e-03
2.743200129135892071e-05
1.261804037193528852e-04
-1.619863832338118426e-01
-3.783008180216652504e-04
-1.219564662430145524e-01
2.242362763280834545e-02
-1.126276272042229520e-01
-5.387477192932766876e-03
2.387592899836951871e-04
-1.452218289587416133e-04
-6.647560699371984211e-03
-4.649465015442999505e-02
2.077507402661650862e-02
-3.488554447676460446e-02
-2.211889564023777964e-04
2.007521579375806837e-03
-6.445537869675059713e-03
8.339638147264743931e-04
-3.097842433832887973e-02
-5.098078530682502961e-03
-1.221382794841728266e-04
