-3.721522165107125674e-04
-2.359349817317648798e-02
-1.372721269207090734e-04
-6.756592786281952808e-04
1.248070492386587499e-04
-4.410146416749327418e-04
1.196331258163590245e-03
1.516850209166835958e-04
-1.978869803550681317e-02
-5.288041615208426138e-04
-1.703651978906816841e-02
-1.187469348685338684e-04
9.790901788045276721e-02
-4.974813960052361199e-04
-4.816914007558840971e-03
-1.042588760087542928e-03
1.473208868992771821e-02
2.563590290134434499e-02
-2.056670203655270104e-02
5.030129085606992352e-03
-1.632621229758977801e-03
-4.859782542667730296e-04
2.026121242766069539e-04
5.836126953315753296e-06
5.452308601967804924e-03
8.596034567471597500e-04
1.442099405498140641e-01
-2.354568999032924555e-03
3.671484789572017609e-03
1.325432817147799945e-02
-6.517001148125529768e-04
5.951479062421902036e-04
5.184380415335072909e-04
-1.424151125371706742e-03
-4.654078291980474902e-02
1.992436346268968567e-03
2.752182033208154586e-04
2.685993581693310508e-03
-2.174203440798331362e-04
-1.984716462643467837e-05
-1.043195373439813919e-04
1.027138930944143103e-01
8.193469042995572479e-03
-9.442564084343286340e-03
2.216287007814531085e-02
9.515968257747553505e-02
7.678141495304706410e-03
-1.576838875341853745e-04
-5.272584003168822491e-04
1.073105863547905298e-02
-1.755828263130767078e-02
-1.912297666559862946e-03
2.159394990144829565e-02
-4.924637673907449748e-04
3.103350685438002743e-03
-2.930261316359267319e-03
-5.518163631162913791e-04
3.760785769420301339e-04
-1.392995747490188840e-03
9.111756491189097632e-05
