4.878820770384993612e-04
3.694317919860403473e-03
-1.410683845937162366e-03
9.136104086260208104e-03
5.641043684049941789e-04
1.963068452137610822e-04
8.014000554336934068e-04
4.390819355190381788e-04
3.822713062374305526e-03
4.238863103469046423e-04
4.625302579869641079e-02
6.436419680061487890e-04
-2.508755646534598441e-02
-1.493338857015449851e-04
-4.322552767487431585e-03
-2.181890391678129298e-03
-3.110803427080971809e-02
2.154335725077828265e-02
9.670686030202603825e-03
3.608290798593395080e-03
1.822967404663177306e-03
6.842488775398422368e-05
3.653121045855533947e-04
-3.111667074674156732e-05
-5.577325655320931365e-03
-1.144664458233649257e-03
1.596033296345618357e-01
7.726733323822373815e-03
1.139927929385012306e-03
-1.621880378650195423e-02
3.223549394332773065e-03
6.356934976958459075e-04
-3.892365194181669367e-05
-1.772644578140660106e-04
-2.658918026344556443e-03
3.693407525100380175e-04
-6.201426516813333403e-05
2.458225095722442423e-04
-8.698584385106601755e-05
4.676472071217235030e-05
-5.562367007209087792e-05
8.477291514390909721e-03
-1.592593514020330253e-02
2.914741743930882381e-02
3.131649752359067212e-03
2.294373569974791915e-01
1.210992989597944186e-02
4.977450990512321269e-05
7.710206776882838273e-04
2.667461922626266930e-03
2.990077910158549278e-04
1.696393043311878639e-03
6.335809856032132738e-03
1.670027736396854012e-03
-1.241601689845809459e-02
3.087832433996401740e-03
-2.652041901566031921e-06
-1.898081082804254803e-03
-7.612420174978386548e-04
1.781664858155637503e-04
