4.755173829435155693e-05
8.618762007389535462e-03
4.802096150999310550e-04
1.444480747131402475e-03
2.286077954430431274e-05
1.454226405807759010e-04
2.938599370525537624e-04
1.509182538708338272e-04
2.257380819942532077e-02
5.832873278786465025e-05
1.341480000427722474e-01
1.902337908341200729e-05
1.899448541505361909e-01
2.211087220511446377e-03
1.542273840124192517e-02
3.179679009622626948e-04
4.084381340862403703e-02
1.923034729370781681e-01
4.416927640436443814e-02
6.342800900512309903e-04
9.558623295930289258e-05
2.626835117640566341e-05
2.021644426697443301e-05
4.836859950861926327e-07
2.942640938319734598e-02
4.355852520225023930e-05
3.620261637657728460e-01
1.660976839081551842e-03
1.552573208900286193e-03
2.874877499556613078e-02
2.251611901248278021e-05
3.860115128600101171e-05
4.719427065139612695e-05
3.872588254381768738e-04
1.961103716069340086e-02
1.116081019085429711e-04
4.975629999084361023e-07
6.901656943584351866e-04
7.941072520008229105e-05
2.610301749877059073e-08
2.779323165906119188e-07
1.680181880780304282e-01
1.637957439510760033e-03
1.817228160943494195e-02
3.622944807291151453e-02
2.547142074163906145e-01
1.689244666529102212e-03
3.923455860678162714e-06
4.755803078322994970e-05
2.473064828680076460e-02
2.151632652010142949e-02
1.475778368044735169e-03
3.967019357206988395e-02
1.026475323467355461e-05
9.242546110636382789e-04
4.016368902957802474e-03
6.728007136231002242e-06
1.153066303490555286e-04
1.684549183037604294e-05
2.692165890698776313e-06
