1.332903453897086273e-05
9.349931292496524958e-04
2.683791661817122305e-04
1.386051480357845204e-03
1.291162910848634800e-05
3.578181824610989457e-05
7.791529716374447339e-05
1.027439316240270434e-04
7.646523444187070494e-03
1.773531351483074699e-05
1.263513716382239360e-01
1.811455510718970596e-04
1.964937148182306914e-01
7.989155530627305504e-03
8.046757619875661086e-03
4.883235785078028938e-04
5.979344001579207230e-02
3.131809326904334001e-01
2.763763782297709581e-02
2.921477501096289911e-03
1.326193575149158910e-04
2.155670487910237772e-05
1.105149316634189381e-05
4.913199811586098365e-08
1.298836956688318237e-02
6.822167368083592543e-05
3.360527511707245840e-01
4.765705202140423612e-03
1.752805117495411912e-03
3.840507743298224308e-02
4.548806371075473374e-04
1.404314114998154891e-05
2.606972979681190924e-04
1.287414174733653385e-05
3.199898606343917849e-03
1.049507626871215777e-04
8.204277677122044080e-07
3.820323207798820856e-05
4.748641066627514113e-05
6.698281981276921073e-08
4.677022015712584776e-08
1.112490652164921379e-01
8.495622267617099904e-03
1.540092857124531617e-02
6.589299676855586707e-02
4.272468858905252853e-01
6.380597644531155882e-03
2.708748432826577349e-07
5.516607622447806410e-05
1.990704043364028078e-02
9.531200205675716131e-03
1.360692635662679980e-03
4.482265775523796431e-02
6.685271577513637615e-05
3.961160341468193159e-03
6.685910147900275564e-04
7.820015045540193495e-06
4.101821204688617579e-04
1.086937230947783336e-04
2.618265600152538067e-06
