4.180090210544269214e-04
1.418139292655004324e-01
5.241522805564849397e-03
3.133749864381742134e-02
2.226431188743737829e-08
1.062811839134149413e-03
8.837205502835345297e-03
1.384717219749333032e-03
1.841142864425995285e-01
4.798668074988338746e-04
3.452164063801799743e-01
3.603376191520978261e-05
8.517186671321612668e-01
2.694999768376220295e-02
5.757267999187222485e-02
3.012831474279609179e-03
3.862165355501027686e-01
6.996055356184411878e-01
1.962591129475410312e-01
2.522187542615286180e-05
9.617883866347888425e-04
3.230482987098418426e-04
5.385276632148819007e-04
4.351458194946309804e-06
2.077226354230027605e-01
4.143875345416115513e-04
7.933712251707348839e-01
4.081318631998492874e-02
1.485268641991225810e-02
2.040998691863965264e-01
6.605222293030888749e-10
4.875235143995585536e-04
5.988211562552474884e-04
3.315027128275320825e-03
9.574397294483341647e-02
1.153072893832594739e-03
8.804717168665923937e-06
3.511035846753388784e-02
6.163399453199644874e-04
8.837312540036552803e-09
3.157982395341339737e-06
5.100164509275160185e-01
3.289856417275855219e-04
1.775675119954792658e-01
3.299077250322781096e-01
9.268719508153335784e-01
1.664942742822444685e-02
3.582003197729946293e-05
3.079426803355007215e-06
8.231790887160768400e-02
1.761309107342654279e-01
1.775789536959505865e-02
3.588223628859121273e-01
4.531240164406573822e-04
4.025540073827339055e-02
3.201308453007334354e-02
5.045000640625907471e-05
5.713367598797401865e-03
2.116197253998279224e-03
5.048450912625128281e-05
